{
 "cells": [
  {
   "cell_type": "code",
   "execution_count": 4,
   "id": "d654d446",
   "metadata": {},
   "outputs": [],
   "source": [
    "import torch\n",
    "import torch.nn as nn"
   ]
  },
  {
   "cell_type": "code",
   "execution_count": 49,
   "id": "e6fe471c",
   "metadata": {},
   "outputs": [],
   "source": [
    "num_features = 40\n",
    "kernel_size_temporal = 30\n",
    "kernel_size_spatial = 14\n",
    "kernel_size_avg_pool = 15\n",
    "ffn_embedding_dim = 80\n",
    "vocab_size = 3\n",
    "\n",
    "temporal_conv = nn.Conv2d(in_channels=1,\n",
    "                        out_channels=num_features,\n",
    "                        kernel_size=(1, kernel_size_temporal),\n",
    "                        padding=\"same\")\n",
    "\n",
    "spatial_conv = nn.Conv2d(in_channels=num_features,\n",
    "                                       out_channels=num_features,\n",
    "                                       kernel_size=(kernel_size_spatial, 1),\n",
    "                                       padding=\"valid\")\n",
    "\n",
    "batch_norm1 = nn.BatchNorm2d(num_features)\n",
    "batch_norm2 = nn.BatchNorm2d(num_features)\n",
    "\n",
    "elu = nn.ELU()\n",
    "\n",
    "avg_pool = nn.AvgPool2d(kernel_size=(1, kernel_size_avg_pool))\n",
    "\n",
    "fc1 = nn.Linear(2400, ffn_embedding_dim)\n",
    "fc2 = nn.Linear(ffn_embedding_dim, vocab_size)\n",
    "\n",
    "softmax = nn.Softmax(dim=1)"
   ]
  },
  {
   "cell_type": "code",
   "execution_count": null,
   "id": "5867978f",
   "metadata": {},
   "outputs": [
    {
     "name": "stdout",
     "output_type": "stream",
     "text": [
      "before: torch.Size([32, 40, 14, 900])\n",
      "after: torch.Size([32, 40, 1, 900])\n",
      "pooled: torch.Size([32, 40, 1, 60])\n",
      "flattened: torch.Size([32, 2400])\n",
      "dense: torch.Size([32, 3])\n",
      "softmax: torch.Size([32, 3])\n",
      "tensor([[0.3550, 0.3672, 0.2777],\n",
      "        [0.3364, 0.3392, 0.3244],\n",
      "        [0.3280, 0.3372, 0.3349],\n",
      "        [0.3284, 0.3742, 0.2974],\n",
      "        [0.3475, 0.3473, 0.3053],\n",
      "        [0.3252, 0.3600, 0.3148],\n",
      "        [0.3108, 0.3688, 0.3204],\n",
      "        [0.3055, 0.3832, 0.3113],\n",
      "        [0.3128, 0.3759, 0.3113],\n",
      "        [0.3243, 0.3395, 0.3362],\n",
      "        [0.3281, 0.3714, 0.3005],\n",
      "        [0.3243, 0.3547, 0.3210],\n",
      "        [0.3440, 0.3627, 0.2933],\n",
      "        [0.3435, 0.3412, 0.3153],\n",
      "        [0.3441, 0.3244, 0.3315],\n",
      "        [0.3378, 0.3528, 0.3094],\n",
      "        [0.3327, 0.3474, 0.3200],\n",
      "        [0.3385, 0.3796, 0.2819],\n",
      "        [0.3427, 0.3637, 0.2937],\n",
      "        [0.3679, 0.3507, 0.2813],\n",
      "        [0.3462, 0.3631, 0.2907],\n",
      "        [0.3227, 0.3488, 0.3285],\n",
      "        [0.3051, 0.3602, 0.3347],\n",
      "        [0.3359, 0.3697, 0.2945],\n",
      "        [0.3078, 0.3815, 0.3107],\n",
      "        [0.3040, 0.3508, 0.3452],\n",
      "        [0.3333, 0.3900, 0.2767],\n",
      "        [0.3240, 0.3417, 0.3343],\n",
      "        [0.3277, 0.3511, 0.3212],\n",
      "        [0.3458, 0.3393, 0.3149],\n",
      "        [0.3444, 0.3322, 0.3234],\n",
      "        [0.3742, 0.3410, 0.2848]], grad_fn=<SoftmaxBackward0>)\n"
     ]
    }
   ],
   "source": [
    "x = torch.randn(32, 14, 900) # (N, C, T) where H is num_channels\n",
    "\n",
    "x = x.unsqueeze(1) # (N, C, H, W) where C is 1 and H is num_channels\n",
    "\n",
    "x = temporal_conv(x) # (32, 40, 14, 900)\n",
    "x = batch_norm1(x) # (32, 40, 14, 900)\n",
    "x = elu(x) # (32, 40, 14, 900)\n",
    "print(\"before:\", x.shape)\n",
    "\n",
    "x = spatial_conv(x) # (32, 40, 1, 900)\n",
    "x = batch_norm2(x) # (32, 40, 1, 900)\n",
    "x = elu(x) # (32, 40, 1, 900)\n",
    "print(\"after:\", x.shape)\n",
    "\n",
    "x = avg_pool(x) # (32, 40, 1, 60)\n",
    "print(\"pooled:\", x.shape)\n",
    "\n",
    "x = torch.flatten(x, 1) # (32, 40 * 1 * 60) = (32, 2400)\n",
    "print(\"flattened:\", x.shape)\n",
    "\n",
    "x = fc1(x)\n",
    "x = fc2(x)\n",
    "print(\"dense:\", x.shape)\n",
    "\n",
    "x = softmax(x) # (32, 3) - each row is a probability distribution across the 3 classes\n",
    "print(\"softmax:\", x.shape)\n",
    "print(x)"
   ]
  }
 ],
 "metadata": {
  "kernelspec": {
   "display_name": "eeg (3.12.12)",
   "language": "python",
   "name": "python3"
  },
  "language_info": {
   "codemirror_mode": {
    "name": "ipython",
    "version": 3
   },
   "file_extension": ".py",
   "mimetype": "text/x-python",
   "name": "python",
   "nbconvert_exporter": "python",
   "pygments_lexer": "ipython3",
   "version": "3.12.12"
  }
 },
 "nbformat": 4,
 "nbformat_minor": 5
}
